第1幅图像的平均误差：20.5931像素
第2幅图像的平均误差：5.84298像素
第3幅图像的平均误差：2.20071像素
第4幅图像的平均误差：1.84186像素
第5幅图像的平均误差：3.02844像素
第6幅图像的平均误差：2.61863像素
第7幅图像的平均误差：6.6348像素
第8幅图像的平均误差：23.0327像素
第9幅图像的平均误差：50.3677像素
第10幅图像的平均误差：3.08583像素
总体平均误差：11.9247像素

相机内参数矩阵：
[187.1435519348935, 0, 504.8065572029482;
 0, 183.7141641335044, 373.7817214230998;
 0, 0, 1]
畸变系数：
[0.102636, -0.049942, 0.0909212, -0.0521047]
第1幅图像的旋转向量：
[78506.5, -91703.9, -73018.6]
第1幅图像的旋转矩阵：
[0.6778207054818581, 0.2690117390785299, -0.6842454058727914;
 -0.6066043627457518, 0.7304882609837736, -0.3137165084319323;
 0.4154398131112333, 0.6277097934578106, 0.6583237629610953]
第1幅图像的平移向量：
[1.17664e+06, 227349, 832706]
第2幅图像的旋转向量：
[-2.24248, 0.187617, 2.06505]
第2幅图像的旋转矩阵：
[0.07991280168142434, -0.1490204582187463, -0.9855997398334173;
 -0.03104369387118923, -0.9886543863887385, 0.1469652793864555;
 -0.9963183392863231, 0.0188522493772474, -0.08363228739644091]
第2幅图像的平移向量：
[111.589, 76.1122, 113.514]
第3幅图像的旋转向量：
[-1.37153, 1.33422, 1.73674]
第3幅图像的旋转矩阵：
[-0.3278225971671296, -0.8621736228676937, -0.3862499046184912;
 -0.1510062289159686, -0.3557669472370726, 0.9222944204982442;
 -0.9325928713083624, 0.360675093796078, -0.01356514283059085]
第3幅图像的平移向量：
[132.056, -72.7798, 121.422]
第4幅图像的旋转向量：
[-1.10169, 1.87806, 0.239533]
第4幅图像的旋转矩阵：
[-0.1809198237158786, -0.7706670540618558, 0.6110158010806565;
 -0.5926295421116307, 0.5812372620137086, 0.5576320211962066;
 -0.7848937782930724, -0.2612193274442538, -0.5618774063498169]
第4幅图像的平移向量：
[17.0744, -171.869, 162.164]
第5幅图像的旋转向量：
[0.0640078, 1.83378, -0.349979]
第5幅图像的旋转矩阵：
[-0.2913065357668213, 0.2226335349558856, 0.9303627310530986;
 -0.1356560160871966, 0.9531002990477238, -0.2705499311670407;
 -0.9469624847473548, -0.2050222648108899, -0.2474427679543887]
第5幅图像的平移向量：
[-134.767, -85.1709, 139.329]
第6幅图像的旋转向量：
[0.321588, 1.59015, -0.298546]
第6幅图像的旋转矩阵：
[-0.03770714143934473, 0.3831393562064037, 0.9229205844547057;
 0.02229601705290948, 0.9236700571980425, -0.3825395575092074;
 -0.9990400688200896, 0.006152979888339377, -0.04337143910967301]
第6幅图像的平移向量：
[-105.859, -27.9909, 132.333]
第7幅图像的旋转向量：
[1.07301, 1.56675, -0.653143]
第7幅图像的旋转矩阵：
[-0.01710849064606679, 0.8880799902498784, 0.4593704719130182;
 0.2988107805095341, 0.4429821797488319, -0.845268540687666;
 -0.9541590103327099, 0.1228035803335926, -0.2729466315200728]
第7幅图像的平移向量：
[-72.3144, 57.6475, 102.069]
第8幅图像的旋转向量：
[70482.8, 89833.6, -124301]
第8幅图像的旋转矩阵：
[0.9408037118221347, 0.2897666322610988, 0.1758512856073414;
 -0.2578956547771927, 0.9486113310577251, -0.1833749542220365;
 -0.219950465034145, 0.1271685551421894, 0.9671866166952018]
第8幅图像的平移向量：
[1.4203e+06, -5.59682e+06, -457930]
第9幅图像的旋转向量：
[5.44555e+06, 2.50898e+06, 3.32536e+07]
第9幅图像的旋转矩阵：
[0.4693207449041982, -0.8697550479687752, 0.1525260467441616;
 0.8827944799656258, 0.4581740750171753, -0.1036842472334942;
 0.02029641704314136, 0.1833103202631794, 0.9828455534519255]
第9幅图像的平移向量：
[6391.24, -14478.2, -4898.58]
第10幅图像的旋转向量：
[1.78239, 1.6185, -0.570223]
第10幅图像的旋转矩阵：
[0.1411477683988239, 0.984029831071929, 0.1084555163953539;
 0.6987337522436904, -0.02141436547617626, -0.7150612340399288;
 -0.7013190792723987, 0.1767108273756978, -0.6905974460832529]
第10幅图像的平移向量：
[-1.95784, 99.8025, 108]

