<?xml version="1.0"?>
<opencv_storage>
<intrinsic_matrix type_id="opencv-matrix">
  <rows>3</rows>
  <cols>3</cols>
  <dt>d</dt>
  <data>
    1.7640737996110832e+002 0. 3.5866122926804252e+002 0.
    1.5030487270125315e+002 2.2339185223973533e+002 0. 0. 1.</data></intrinsic_matrix>
</opencv_storage>
