<?xml version="1.0"?>
<opencv_storage>
<front type_id="opencv-matrix">
  <rows>3</rows>
  <cols>3</cols>
  <dt>d</dt>
  <data>
    -8.0862356776472272e-02 -4.4628135188356444e-01
    2.0276339343281984e+02 -5.0228369077750887e-03
    -2.6195501787595515e-01 1.0086890742865099e+02
    -1.5603350900334352e-04 -2.7682092957381885e-03 1.</data></front>
<right1 type_id="opencv-matrix">
  <rows>3</rows>
  <cols>3</cols>
  <dt>d</dt>
  <data>
    -8.5607796831899965e-04 -5.7974769823634220e-01
    1.6666091090446645e+02 -6.8777140497242553e-02
    -5.0571673663859140e-01 2.0761854173802882e+02
    -1.6750799446629617e-05 -3.1443522482999427e-03 1.</data></right1>
<right2 type_id="opencv-matrix">
  <rows>3</rows>
  <cols>3</cols>
  <dt>d</dt>
  <data>
    8.5773444185817282e-02 -7.2629245341417981e-01
    1.6420446107793612e+02 3.0782787399970767e-02
    -1.2379174409966769e+00 3.9093492608962003e+02
    4.2211341276577355e-04 -3.9000925593025777e-03 1.</data></right2>
<back1 type_id="opencv-matrix">
  <rows>3</rows>
  <cols>3</cols>
  <dt>d</dt>
  <data>
    8.7487823957217201e-02 -6.4702754839876964e-01
    1.5468482598889258e+02 7.9921311450619328e-02
    -1.3304826391803435e+00 3.7953289051013780e+02
    2.0282245456020210e-04 -3.4030552369218800e-03 1.</data></back1>
<back2 type_id="opencv-matrix">
  <rows>3</rows>
  <cols>3</cols>
  <dt>d</dt>
  <data>
    1.8122329725232110e-03 -3.1741574966144498e-01
    1.0571614800667095e+02 -1.0260582303984178e-01
    -9.4545819890453864e-01 3.8390156293802880e+02
    -2.5743360437866127e-04 -2.4217133269695068e-03 1.</data></back2>
<left1 type_id="opencv-matrix">
  <rows>3</rows>
  <cols>3</cols>
  <dt>d</dt>
  <data>
    2.0764949020741875e-02 -4.2287991779192718e-01
    1.4818936409863906e+02 1.3895156474414980e-01
    -1.0043082106132002e+00 2.5894320897149572e+02
    1.9019918608962811e-04 -3.1887082473570257e-03 1.</data></left1>
<left2 type_id="opencv-matrix">
  <rows>3</rows>
  <cols>3</cols>
  <dt>d</dt>
  <data>
    -8.0915051136678674e-03 -4.0140268374738597e-01
    1.5031936297288954e+02 7.2790092158400654e-02
    -4.5993664182765248e-01 9.9008385885141521e+01
    -4.3646736105420625e-05 -2.9616602260867124e-03 1.</data></left2>
</opencv_storage>
